75516
75517
75518
75519
75520
75521
75522
75523
75524
75525
75526
75527
75528
75529
75530
75531
75532
75533
75534
75535
75536
75537
75538
75539
75540
75541
75542
75543
75544
75545
75546
75547
75548
75549
75550
75551
75552
75553
75554
75555
75556
75557
75558
75559
75560
75561
75562
75563
75564
75565
75566
75567
75568
75569
75570
75571
75572
75573
75574
75575
75576
75577
75578
75579
75580
79015
79578
80746
87688
87690
87695
87698
87700
87701
87703
87705
87707
87708
87709
87710
87711
87712
87713
87714
87715
87716
87717
91373
91374
91375
91376
91377
91378
91379
91380
91381
91382
91383
91384
91385
91386
91387
91388
91389
91390
91391
94588
94589
94590
94592
94593
94594
94595
94596
94598
94599
94600
94601
94603
94604
94605
94606
94607
94608
94611
94612
94613
94614
94616
94617
94618
94620
94621
94622
94624
94625
94626
94628
94629
94630
94631
94633
94636
94638
94641
94642
94643
94644
94645
94646
94647
94648
94649
94650
94651
94652
94653
94654
94655
100748
100752
100753
100754
100755
100756
100757
100758
100759
100760
100761
100762
100763
100764
100765
100766
100767
100768
100769
100770
100771
100772
100773
100774
100775
100776
100777
100778
100779
100780
100781
100782
100783
100784
100785
100786
100787
100788
100789
100790
100791
100792
100793
100794
100795
100796
100797
100798
100799
100800
100801
100802
100803
101053
108273
108274
108275
108276
108277
108278
108279
108280
108281
108282
108283
108284
108285
108286
108287
108288
108289
108290
108291
108292
108293
108294
108295
108296
108297
108298
108299
108300
108301
108302
108303
108304
108305
108306
108307
108308
108309
108310
108311
108312
108313
108314
108315
108316
108317
108318
108319
108320
108321
108322
108323
108324
108325
108326
108327
108328
108329
108330
108331
108332
108333
108334
108335
111575
113222
117158
117160
117161
117162
117168
117169
117171
117172
117173
117181
117182
117183
117184
117185
117186
117187
117188
117189
117190
117191
117192
117193
117194
117195
117196
117197
117198
117199
117200
117201
117202
117203
117204
117205
117206
117207
117379
117380
117381
117382
117383
117384
117385
117386
117387
117388
117389
117390
117391
117392
117393
117394
117395
117396
117397
117398
117399
117400
117401
117402
117403
117404
117405
117406
117407
117408
117409
117410
117411
117412
117413
117414
117415
117416
117420
117421
117422
117423
117424
117425
117426
117427
117428
117429
117430
117431
117432
117433
117434
117435
117436
117437
117438
117439
117440
117441
117442
117443
117444
117445
117446
117447
117448
117449
117450
117451
117452
117453
117454
117455
117456
117457
117458
117459
117460
117461
117462
117463
117464
117465
117466
117467
117468
117469
117470
117471
117472
117473
117474
117475
117476
117477
117478
117479
117480
117481
117482
117483
117484
117485
117486
117487
117488
117489
117490
117491
117492
117493
117494
117495
117496
117497
117498
117499
117500
117501
117502
117503
117504
117505
117506
117507
117508
117509
117510
117511
117512
117513
117514
117515
117516
117517
117518
117519
117520
117521
117522
117523
117524
117525
117526
117554
117555
117557
117560
117561
117562
117563
117564
117565
117566
117568
117569
117570
117572
117573
117574
117576
117577
117579
117580
117581
117582
117585
117588
117589
117590
117591
117593
117594
117595
117597
117598
117600
117602
117603
117604
119295
125055
127555
127556
129485
129486
129487
129488
129489
129490
129491
129492
129493
132432
132433
132434
132435
132436
132437
132438
134081
134508
134641
135827
135830
135831
136370
136371
136372
136373
136374
136375
136376
136377
136378
136379
136380
136381
136382
136383
136607
136719
136721
139518
140313
141097
141098
141099
141100
141853
141854
141855
141856
141857
141858
141859
141860
141861
141862
141863
141864
141865
141866
141867
141868
141869
141870
141871
141872
141873
141874
141875
141876
148246
148247
148248
148249
148250
148251
148254
148256
148257
148258
148260
148261
148262
148263
148264
148266
148267
148268
148269
148270
148271
148273
148276
148277
148278
148281
148282
148283
148284
148285
148286
148287
148288
148289
148290
148291
148293
148294
148295
148296
148297
148298
148299
148300
148301
148302
148303
148304
148305
148306
148311
148312
148313
148314
148342
148343
148344
148345
148346
148347
148348
148349
148350
148351
148352
148353
148354
148355
148356
148357
149432
149433
149434
149435
149436
156774
156775
156776
156777
156778
156779
156780
156781
156782
156783
156784
156785
156786
156787
156788
156789
156790
156791
156792
156793
156794
156795
156796
156797
156798
156799
156800
156801
156802
156803
156804
156805
156806
156807
156808
156809
156810
156811
156812
156813
156814
156815
156816
156817
156818
156819
156820
156821
156822
156823
156824
156825
156826
156827
156828
156829
156830
156831
156832
156833
156834
156835
156836
156837
156838
156839
156840
156841
156842
156843
156844
156845
156846
156847
156848
156849
156850
156851
156852
156853
156854
156855
156856
156857
156858
156859
156860
156861
156862
156863
156864
156865
156866
156867
156868
156869
156870
156871
156872
156873
156874
156875
156876
156877
156878
156879
156880
156881
156882
156883
156884
156885
156886
156887
156888
156889
156890
156891
156892
156893
156894
156895
156896
156897
156898
156899
156900
156901
156902
156903
156904
156905
156906
156907
156908
156909
156910
156911
156912
156913
156914
156915
156916
156917
156918
156919
156920
156921
156922
156923
156924
156925
156926
156927
156928
156929
156930
156931
156932
156933
156934
156935
156936
156937
156938
156939
156940
156941
156942
156943
156944
156945
156946
156947
156948
156949
156950
156951
156952
156953
156954
156955
156956
156957
156958
156959
156960
156961
156962
156963
156964
156965
156966
156967
156968
156969
156970
156971
156972
156973
156974
156975
156976
156977
156978
156979
156980
156981
156982
156983
156984
156985
156986
156987
156988
156989
156990
156991
156992
156993
156994
156995
156996
156997
156998
156999
157000
157001
157002
157003
157004
157005
157006
157007
157008
157009
157010
157011
157012
157013
157014
157015
157016
157017
157018
157019
157020
157021
157022
157023
157024
157025
157026
157027
157028
157029
157030
157031
157032
157033
157034
157035
157036
157037
157038
157039
157040
157041
157042
157043
157044
157045
157046
157047
157048
157049
157050
157051
157052
157053
157054
157055
157056
157057
157058
157059
157060
157061
157062
157063
157064
157065
157066
157067
157068
157069
157070
157071
157072
157073
157074
157075
157076
157077
157078
157079
157080
157081
157082
157083
157084
157085
157086
157087
157088
157089
157090
157091
157092
157093
157094
157095
157096
157097
157098
157099
157100
157101
157102
157103
157104
157105
157106
157107
157108
157109
157110
157111
157112
157113
157114
157115
157116
157117
157118
157119
157120
157121
157122
157123
157124
157125
157126
157127
157128
157129
157130
157131
157132
157133
157134
157135
157136
157137
157138
157842
157854
157855
157858
157866
157868
157871
157881
157888
157894
157900
157910
157914
157919
157922
157930
157934
157935
158337
158338
158339
158340
158341
158342
158343
158344
158345
158346
158347
158348
158349
158350
158351
158352
158353
158354
158355
158356
158357
158358
158359
158360
158361
158362
158363
158364
158365
158366
158367
158368
158369
158370
158371
158372
158373
158374
158375
158376
158377
158378
158379
158380
158381
158382
158383
158384
158385
158386
158387
158388
158389
158390
158391
158392
158393
158394
158395
158396
158397
158398
158399
158400
158401
158402
158403
158404
158405
158406
158407
158408
158409
158410
158590
158592
158594
158596
158598
158600
158602
158604
158606
158608
158610
158612
158614
158616
159604
160738
160739
160740
160741
160742
160743
160744
160745
160746
160747
160748
160749
160750
160751
160752
160753
160754
160755
160756
160757
160758
160759
160760
160761
160762
160763
160764
160765
160766
160767
160768
160769
160770
160771
160772
160773
160774
160775
160776
160777
160778
160779
160780
160781
160782
160783
160784
160785
160786
160787
160788
160789
160790
160791
160792
160793
160794
160795
160796
160797
160798
160799
160800
160801
160802
160803
160804
160805
160806
160807
160808
160809
160810
160811
160812
160813
160814
160815
160816
160817
160818
160819
160820
160821
160822
160823
160824
160825
160826
160827
160828
160829
160830
160831
160832
160833
160834
160835
160836
160837
160838
160839
160840
160841
160842
160843
160844
160845
160846
160847
160848
160849
160850
160851
160852
160853
160854
160855
160856
160857
160858
160859
160860
160861
160862
160863
160864
160865
160866
160867
160868
160869
160870
160871
160872
160873
160874
160875
160876
160877
160878
160879
160880
160881
160882
160883
160884
160885
160886
160887
160888
160889
160890
160891
160892
160893
160894
160895
160896
160897
160898
160899
160900
160901
160902
160903
160904
160905
160906
160907
160908
160909
160910
160911
160912
160913
160914
160915
160916
160917
160918
160919
160920
160921
160922
160923
160924
160925
160926
160927
160928
160929
160930
160931
160932
160933
160934
160935
160936
160937
160938
160939
160940
160941
160942
160943
160944
160945
160946
160947
160948
160949
160950
160951
160952
160953
160954
160955
160956
160957
160958
160959
160960
160961
160962
160963
160964
160965
160966
160967
160968
160969
160970
160971
160972
160973
160974
160975
160976
160977
160978
160979
160980
160981
160982
160983
160984
160985
160986
160987
160988
160989
160990
160991
160992
160993
160994
160995
160996
160997
160998
160999
161000
161001
161002
161003
161004
161005
161006
161007
161008
161009
161010
161011
161012
161013
161014
161015
161016
161017
161018
161019
161020
161021
161022
161023
161024
161025
161026
161027
161028
161029
161030
161031
161032
161033
161034
161035
161036
161037
161038
161039
161040
161041
161042
161043
161044
161045
161046
161047
161048
161049
161050
161051
161052
161053
161054
161055
161056
161057
161058
161059
161060
161061
161062
161725
161726
161727
161728
161729
161730
161731
161732
161733
161734
161735
161736
161737
161738
161739
161740
161741
161742
161743
161744
161745
161746
161747
161748
161749
161750
161751
161752
161753
161754
161755
161756
161757
161758
161759
161760
161761
161762
161763
161764
161765
161766
162952
162953
162954
162955
162956
162957
162958
162959
162960
162961
162962
162963
162964
162965
162966
162967
162968
162969
162970
162971
162972
162973
162974
162975
162976
162977
162978
162979
162980
162981
162982
162983
162984
162985
162952
162953
162954
162955
162956
162957
162958
162959
162960
162961
162962
162963
162964
162965
162966
162967
162968
162969
162970
162971
162972
162973
162974
162975
162976
162977
162978
162979
162980
162981
162982
162983
162984
162985
163054
163055
163056
163057
163058
163059
163060
163061
163062
163063
163064
163065
163066
163067
